73
93
161
102
33
138
173
207
148
231
315
208
41
308
136
177
270
15
152
75
158
203
271
193
282
140
137
236
320
116
52
255
181
166
44
279
237
185
7
40
27
312
67
30
253
211
183
254
196
225
160
134
273
274
11
247
80
90
216
141
153
205
190
133
58
283
82
310
187
135
118
29
66
319
34
226
266
68
241
325
304
200
48
286
132
186
150
272
179
76
217
251
250
74
123
35
120
89
55
62
222
79
233
198
221
291
84
288
45
278
212
63
25
178
214
290
289
224
115
302
126
229
37
176
127
267
70
180
81
218
146
292
122
228
151
36
96
246
104
172
12
316
131
191
311
156
51
119
103
111
113
252
1
85
108
309
300
223
220
215
298
169
204
269
31
105
239
60
265
192
109
46
248
114
125
314
86
182
47
0
53
98
163
157
143
18
326
162
77
164
147
230
234
100
65
20
87
305
17
202
259
59
195
6
139
268
50
149
21
167
199
287
42
264
165
206
261
2
242
32
240
293
112
99
299
275
9
142
171
313
57
284
262
295
83
235
124
209
296
297
121
72
22
28
168
188
94
258
130
145
106
26
249
49
244
281
260
92
189
117
280
129
154
317
175
110
71
95
13
159
107
318
197
38
64
16
294
232
174
227
78
323
56
23
277
8
144
24
128
19
303
276
213
61
170
321
43
39
88
243
324
285
201
101
322
54
194
263
155
5
245
184
210
4
3
238
69
219
91
307
97
14
301
306
10
256
257
